0
1
10
100
1001
1002
1003
1004
1005
1007
1008
1009
1010
1012
1013
1014
1015
1016
1017
1018
1019
102
1020
1021
1022
1023
1024
1027
1028
1029
1030
1031
1032
1033
1034
1035
1036
1037
1038
1039
1041
1042
1043
1044
1045
1046
1047
1048
1049
1050
1051
1052
1053
1054
1055
1056
1057
1058
1059
106
1060
1061
1062
1063
1064
1065
1066
1067
1068
1069
1071
1072
1073
1074
1075
1077
1078
1079
1083
1084
1085
1086
1087
1088
1089
1090
1091
1092
1093
1094
1096
1097
1099
1100
1101
1102
1103
1104
1106
1107
1108
1109
111
1110
1111
1112
1113
1114
1115
1116
1117
1118
112
1120
1121
1122
1123
1125
1126
1129
1130
1131
1132
1133
1134
1135
1136
1137
1138
1139
114
1140
1141
1142
1143
1144
1145
1146
1147
1148
1150
1151
1152
1153
1154
1155
1156
1159
1160
1161
1162
1164
1165
1167
1168
1169
1170
1172
1173
1174
1175
1176
1177
1178
1179
118
1180
1181
1182
1183
1184
1185
1186
1187
1188
1189
1190
1193
1194
1195
1196
1197
1198
1199
1200
1201
1202
1204
1205
1206
1207
1208
1209
121
1211
1212
1213
1214
1216
1217
1218
1219
122
1220
1221
1222
1223
1224
1225
1226
1227
1228
1229
123
1230
1231
1232
1233
1234
1235
1236
1237
1238
1239
1240
1241
1242
1243
1244
1245
1247
1248
1249
1251
1252
1253
1254
1256
1257
1258
1259
1260
1261
1263
1264
1265
1266
1267
1268
1269
1270
1271
1272
1273
1275
1276
1277
1278
1279
1280
1281
1282
1283
1284
1285
1286
1287
1288
1289
1290
1291
1292
1293
1294
1295
1296
1297
1298
1299
13
130
1300
1301
1304
1305
1306
1307
1308
1309
1310
1311
1312
1314
1315
1316
1317
1318
1319
1321
1322
1323
1324
1326
1327
1328
1329
1330
1331
1332
1333
1334
1335
1336
1337
1338
1339
1340
1341
1342
1343
1344
1345
1346
1347
1348
1349
1350
1351
1352
1353
1354
1355
1356
1357
1358
1359
136
1360
1361
1363
1365
1366
1367
1369
1370
1371
1373
1374
1375
1376
1377
1378
1379
138
1380
1381
1382
1383
1384
1386
1387
1388
139
1390
1391
1393
1394
1395
1396
1397
1398
1399
140
1400
1401
1402
1403
1405
1406
1407
1408
1409
1410
1411
1412
1413
1414
1415
1416
1417
1418
1419
1420
1421
1422
1423
1424
1425
1427
1428
1429
1430
1431
1432
1433
1434
1435
1436
1437
1438
1439
144
1440
1441
1442
1443
1444
1445
1446
1447
1448
1449
1450
1451
1452
1453
1454
1455
1456
1457
1458
1460
1461
1462
1463
1464
1465
1466
1467
1468
1469
1472
1473
1474
1476
1477
1478
1479
148
1481
1483
1484
1485
1486
1487
1488
1489
1491
1492
1493
1495
1497
1498
1499
1500
152
154
158
16
171
180
181
185
187
188
19
190
191
192
193
194
195
198
199
2
201
203
204
205
208
209
212
214
223
224
235
236
24
242
243
244
245
246
25
252
255
259
26
260
261
263
265
267
268
270
271
274
275
276
278
28
281
284
285
287
288
289
290
291
292
296
299
3
300
303
304
305
31
310
313
315
317
318
320
321
322
323
326
330
331
334
340
342
343
350
353
354
355
361
363
368
374
375
38
380
387
389
393
4
401
402
403
406
410
411
414
417
420
436
445
448
455
456
459
467
476
478
480
481
482
484
488
497
50
502
503
504
505
506
508
509
510
511
515
517
519
520
522
523
527
528
529
530
532
533
534
536
537
538
54
540
541
542
543
544
545
546
547
548
549
550
551
552
553
554
556
558
559
561
562
563
564
565
566
567
568
569
570
571
572
573
574
575
576
577
579
58
580
581
582
584
586
587
588
589
59
590
592
593
594
595
596
597
598
599
600
603
604
605
606
607
609
61
610
611
613
614
617
618
619
623
624
626
627
628
629
630
631
632
634
635
637
638
639
640
642
644
645
646
647
648
649
650
651
652
653
655
657
659
661
662
664
665
666
667
668
669
670
671
672
673
676
678
680
682
683
684
685
688
690
691
692
693
695
696
698
701
702
703
705
706
707
708
710
711
712
713
714
715
716
717
718
719
72
721
722
723
724
725
726
727
728
729
730
731
733
735
736
737
739
74
740
741
742
744
745
746
747
748
749
750
751
752
753
754
755
756
757
758
759
761
762
763
764
765
766
767
768
770
771
772
773
774
775
776
777
778
779
780
781
783
784
786
787
788
789
790
791
792
793
794
798
799
8
800
801
802
804
806
807
809
810
811
813
816
817
819
821
823
824
825
832
841
846
847
848
85
851
855
861
862
866
869
870
874
879
88
880
881
886
888
89
890
891
902
904
908
91
910
925
927
928
93
943
944
947
954
957
959
960
962
964
968
970
971
973
974
983
986
988
994
